36,110
74,156
50,175
72,159
66,172
61,118
18,45
84,102
44,96
63,148
65,154
69,126
20,44
54,156
54,133
100,183
9,31
62,159
71,173
73,174
63,172
20,52
80,169
37,90
32,71
19,66
45,138
66,125
42,117
29,85
47,95
77,165
88,180
83,167
100,196
32,79
50,130
25,79
56,48
63,135
82,152
64,145
92,180
28,122
51,102
83,132
21,50
60,124
73,142
76,158
59,135
48,161
61,154
69,144
59,153
50,104
19,85
87,170
64,156
96,177
28,38
44,114
42,127
66,156
55,165
38,103
61,136
81,173
65,170
72,159
20,90
96,192
28,93
51,138
81,181
24,73
62,134
28,75
100,190
90,192
72,158
63,168
69,148
45,94
94,138
92,180
54,122
76,177
66,153
58,175
60,146
68,166
64,137
24,42
79,157
56,139
88,175
54,154
84,174
87,175
54,100
49,116
64,160
86,170
84,166
59,127
96,188
32,37
68,150
22,85
56,129
18,86
64,102
80,185
22,110
82,178
56,140
67,142
48,123
29,48
84,182
72,151
21,44
8,36
91,166
37,107
72,121
43,144
49,126
40,109
43,127
49,94
30,117
88,181
63,155
63,157
52,157
48,167
56,162
43,141
37,105
84,183
35,108
35,94
75,162
29,85
71,160
92,174
23,61
85,172
88,168
89,157
60,126
35,134
21,61
41,104
44,104
12,70
74,159
62,124
66,171
40,112
60,175
55,132
56,158
67,158
64,149
61,153
86,184
92,182
17,40
13,53
73,162
70,145
61,163
61,122
57,128
57,129
45,96
55,129
28,98
86,168
59,123
95,193
58,150
84,153
69,153
43,136
32,150
46,93
73,164
87,174
79,158
20,87
75,190
54,150
24,116
36,60
68,146
22,61
28,85
20,45
66,123
60,140
61,136
92,183
71,161
61,145
20,60
73,148
78,164
16,79
50,145
75,189
55,104
64,132
73,147
78,158
51,167
48,105
52,138
25,72
68,136
59,161
52,129
84,162
25,84
79,180
69,141
80,192
100,184
54,163
77,152
42,119
88,180
92,190
67,140
84,188
68,157
58,123
100,151
47,96
44,116
14,88
74,160
44,128
44,84
59,144
61,134
64,153
74,170
70,167
56,157
61,142
56,157
76,149
69,175
82,157
96,191
82,161
44,130
60,128
66,102
28,54
59,114
32,78
50,104
29,96
60,127
80,174
57,92
39,124
56,127
36,98
73,150
87,191
71,132
24,68
50,127
65,162
37,108
38,98
36,138
77,173
70,146
48,142
78,168
64,179
65,167
66,179
78,144
58,150
71,159
65,166
73,141
39,117
39,123
38,138
35,124
47,143
84,159
41,67
49,118
65,160
28,94
69,158
44,135
84,177
79,172
55,115
75,139
26,52
49,124
82,148
89,181
76,143
38,79
33,146
49,128
54,162
63,114
52,136
60,145
61,129
66,136
83,174
79,171
74,158
68,150
48,102
76,181
28,98
88,165
30,70
63,153
77,135
57,140
65,129
43,139
87,156
60,157
20,68
38,75
37,63
72,151
28,62
43,108
28,121
45,144
60,141
29,94
24,92
42,132
37,87
56,119
51,131
99,173
80,160
54,132
53,122
78,129
64,159
45,105
43,97
80,169
69,138
55,121
42,109
17,115
90,167
52,135
31,76
91,189
22,67
61,148
57,109
42,111
90,184
88,178
28,78
60,130
82,186
38,137
92,151
50,117
62,126
43,129
46,88
46,140
56,149
61,150
23,78
84,161
92,186
53,95
39,95
86,167
83,177
68,150
68,163
41,121
31,88
74,154
69,170
96,181
48,137
41,111
32,93
79,159
71,146
46,70
56,116
64,149
58,186
29,112
84,166
55,153
36,65
56,158
64,150
80,172
84,180
22,35
71,157
69,177
72,153
65,138
23,96
41,119
43,113
37,105
80,176
21,75
72,140
15,63
62,168
70,172
93,177
58,151
44,111
76,180
66,175
78,164
75,116
46,131
36,95
79,184
37,137
82,130
76,151
76,162
20,77
23,76
59,147
68,157
56,164
55,136
46,116
66,157
51,135
45,96
47,105
34,80
75,150
52,138
95,185
14,135
58,78
56,129
60,142
71,153
48,93
23,83
81,137
51,133
53,138
42,118
56,95
96,184
61,163
96,170
24,94
83,160
52,157
33,110
45,90
76,143
44,130
100,175
100,188
39,154
57,158
72,138
79,140
50,146
91,157
69,170
60,143
20,105
18,83
78,153
37,105
83,165
81,134
57,169
69,120
66,135
70,144
20,70
20,63
24,95
88,178
29,95
48,120
61,111
60,135
73,163
90,179
87,190
80,154
92,186
84,152
50,120
60,141
66,145
40,136
43,125
28,66
79,170
66,157
58,100
28,75
56,142
72,128
42,131
31,79
54,145
40,115
96,150
22,56
95,179
81,177
73,162
85,152
51,167
64,155
43,124
40,116
87,168
92,179
78,162
58,159
29,54
33,92
36,72
100,184
95,186
87,179
96,169
90,189
59,163
87,172
100,191
80,159
40,130
63,171
27,133
81,144
64,191
25,61
83,163
86,194
77,158
20,67
36,162
86,176
56,129
61,139
44,137
57,108
73,175
24,88
20,45
77,179
61,138
51,123
82,153
64,168
51,132
52,144
62,159
82,161
66,154
80,167
52,129
56,159
52,144
39,92
91,191
63,140
54,141
41,134
42,120
40,164
51,140
66,150
82,162
77,170
56,141
63,174
77,170
56,129
50,122
31,119
75,158
71,145
54,141
67,161
60,150
85,188
32,72
52,132
54,146
59,123
13,58
19,89
26,99
33,104
68,176
26,75
36,103
72,166
28,65
81,177
74,171
86,156
47,126
68,142
80,181
20,80
71,142
51,91
23,75
62,163
35,137
89,161
59,143
70,162
78,167
38,75
82,170
55,137
51,114
78,161
47,148
48,86
79,168
31,118
83,173
75,147
79,163
41,139
70,149
41,144
61,168
48,154
40,107
72,154
75,158
95,191
72,158
76,172
86,170
40,56
67,172
53,142
69,167
94,170
75,187
31,91
70,162
51,120
30,50
89,181
38,136
44,159
41,109
75,158
28,91
60,98
84,166
20,40
73,136
57,140
81,167
66,159
83,173
76,171
49,131
41,89
89,183
18,39
45,92
38,113
43,144
72,173
66,177
21,151
79,164
43,139
32,87
16,104
68,151
45,87
43,123
95,180
31,87
31,98
39,136
48,93
76,163
96,182
65,161
88,168
59,143
80,148
59,141
49,142
54,130
45,128
92,180
61,130
41,96
76,181
28,105
71,143
50,130
60,118
53,179
79,156
26,131
74,166
56,142
73,159
56,95
39,94
57,156
42,124
72,149
80,162
71,150
77,181
54,144
72,131
58,163
58,152
35,119
18,46
88,167
55,127
39,144
12,51
66,177
92,175
46,142
68,152
79,138
16,54
76,157
83,158
64,165
49,96
57,132
80,160
55,174
81,170
32,92
73,174
53,148
55,147
76,146
39,63
72,149
43,117
25,68
71,151
64,154
31,96
39,103
65,143
66,148
40,138
24,90
78,153
90,185
33,101
100,186
85,155
77,159
61,164
61,156
45,89
41,151
63,146
68,142
84,166
70,165
65,183
17,86
56,138
59,143
58,121
72,163
48,160
31,83
25,106
32,78
44,126
68,166
25,120
65,151
70,176
42,149
100,192
61,122
43,127
58,141
44,60
42,108
55,126
63,110
66,141
65,174
22,84
53,111
84,167
24,83
52,145
57,104
56,141
76,133
52,120
37,99
100,189
79,198
75,134
87,167
69,166
63,118
54,136
40,61
69,167
75,145
46,157
59,140
50,155
56,145
69,127
61,147
83,183
62,138
50,122
69,151
28,80
66,143
64,142
96,190
41,54
63,146
37,107
67,152
51,108
56,157
93,182
56,146
72,166
87,169
71,139
68,173
78,156
43,121
21,86
76,152
73,155
65,130
99,180
78,163
68,160
70,157
87,178
91,166
55,133
83,187
22,124
79,155
43,125
22,50
12,55
38,135
95,186
67,144
79,164
53,152
92,175
79,160
37,122
67,170
33,73
75,153
55,132
59,147
69,176
52,107
51,158
32,90
58,150
55,133
64,146
46,67
35,124
24,121
45,106
44,130
43,153
56,109
32,62
73,166
76,162
85,166
90,173
49,136
90,183
63,156
65,173
90,191
69,171
32,78
33,120
84,169
9,60
55,104
41,131
48,128
57,160
80,161
61,139
15,111
24,32
28,80
32,60
76,142
46,88
65,164
52,96
81,155
37,89
77,163
56,125
94,165
65,146
81,178
38,99
60,130
100,183
80,162
44,92
80,147
28,61
72,148
84,161
39,93
92,184
67,90
32,41
70,161
56,141
24,59
82,152
78,182
85,145
63,142
35,114
83,190
61,132
30,119
69,170
60,90
86,181
60,119
74,182
80,169
63,140
75,143
63,137
41,81
62,155
79,178
70,168
28,99
21,77
97,182
54,52
84,173
78,163
76,170
36,110
8,59
100,184
96,180
84,174
58,147
96,193
41,102
56,140
73,137
66,150
43,110
90,172
75,148
72,136
42,87
22,85
35,140
87,155
100,194
42,139
59,147
79,163
41,107
87,170
60,147
72,114
55,161
88,166
80,152
59,135
40,118
88,158
57,156
62,143
78,159
64,162
86,172
32,90
48,121
41,135
33,126
41,128
21,82
76,168
45,129
49,132
64,138
20,50
43,133
48,131
80,150
86,169
16,68
54,121
79,166
63,160
88,181
53,64
84,178
74,144
72,175
55,144
40,154
33,84
41,108
35,129
64,123
72,146
67,129
28,82
84,178
36,75
98,178
48,124
80,170
50,111
94,180
64,150
54,136
61,157
16,31
76,166
69,122
95,184
20,58
65,126
37,117
31,95
92,190
48,131
73,174
21,96
64,141
36,137
65,152
74,171
59,165
88,179
47,114
29,54
92,169
55,122
83,180
24,60
90,187
21,102
59,136
68,130
77,169
30,56
51,152
47,164
82,175
32,84
56,119
86,166
63,151
75,153
48,105
58,143
24,64
95,177
86,168
95,193
81,165
100,190
76,157
86,157
62,165
74,172
37,95
61,147
67,147
54,100
59,107
48,118
61,143
96,193
100,196
75,131
88,168
18,83
22,67
48,119
96,171
52,133
84,161
77,148
20,61
87,157
97,186
59,172
62,167
60,107
37,129
58,166
78,167
58,136
31,141
49,127
70,116
79,134
87,183
78,193
29,100
65,130
35,121
45,109
98,187
90,167
63,135
62,129
75,172
55,129
40,81
71,148
66,124
95,181
79,156
73,132
81,171
30,93
39,96
74,173
67,133
47,87
79,151
82,181
60,120
58,72
72,112
68,100
84,168
62,124
88,140
24,64
72,128
96,192
45,56
48,96
60,88
56,80
68,136
46,88
54,96
76,144
72,84
64,88
74,148
76,128
73,152
57,80
80,160
81,172
54,108
72,148
92,148
72,64
52,104
76,140
60,108
48,72
80,148
80,180
70,140
51,92
56,132
60,80
84,124
52,92
60,84
52,84
40,72
76,144
58,108
80,140
62,124
68,136
72,116
54,108
76,108
80,156
70,88
80,148
76,136
78,156
60,120
60,136
80,140
58,116
40,80
64,116
100,176
54,108
50,100
48,72
68,68
68,108
52,76
44,104
48,96
49,76
68,108
92,176
48,44
52,92
68,136
48,100
32,76
74,148
72,116
64,92
72,144
35,56
44,88
56,108
44,88
96,172
100,188
64,116
71,108
44,52
80,152
54,108
40,72
68,128
55,80
52,96
28,48
58,116
72,144
44,68
60,112
72,140
28,56
72,152
64,124
39,24
64,128
68,148
82,164
46,92
64,104
92,140
38,76
54,100
52,84
92,144
56,92
56,68
92,184
70,140
56,92
88,144
80,172
84,152
32,60
62,124
68,104
68,108
54,108
80,132
84,136
32,40
48,88
80,132
61,120
64,72
28,56
68,76
84,136
54,108
56,120
56,52
36,64
76,128
52,32
66,132
77,140
76,96
56,112
64,104
30,60
96,160
68,120
33,64
68,112
64,124
72,116
56,104
36,64
56,76
50,100
52,56
68,84
60,108
76,132
60,108
88,152
84,164
68,136
44,92
72,104
28,56
48,88
72,116
76,96
60,92
61,96
44,48
80,160
55,108
50,100
52,116
41,56
32,64
68,100
64,108
60,108
56,80
60,84
58,116
80,144
54,108
64,128
64,140
58,88
64,72
88,180
80,124
64,96
68,92
84,160
51,96
64,108
38,40
59,56
56,64
72,116
72,96
62,124
68,128
56,112
76,108
56,120
80,144
36,52
83,128
74,140
51,92
44,96
68,136
28,48
72,128
20,40
68,100
60,100
29,48
60,128
52,84
56,64
58,116
60,116
72,144
28,72
88,140
92,140
68,92
60,76
36,68
54,80
56,104
32,56
84,132
56,112
68,116
59,80
60,116
26,52
36,60
73,140
92,176
60,96
64,140
65,108
92,176
80,160
60,80
56,84
68,120
48,64
56,112
61,120
70,96
36,72
68,80
60,96
56,96
88,184
46,68
76,152
64,104
64,120
76,108
56,96
48,68
28,32
88,132
60,44
75,152
56,84
35,48
64,124
52,88
54,108
76,128
76,112
84,148
72,128
56,76
92,184
64,84
72,112
20,40
64,60
76,140
82,164
80,144
88,152
60,120
80,144
92,184
60,100
60,120
83,168
80,132
46,92
64,80
82,164
80,136
72,100
58,112
54,108
67,124
92,164
73,124
55,56
48,80
72,132
76,152
54,108
56,112
71,88
55,112
80,156
70,140
68,120
68,136
76,148
88,176
42,68
84,120
88,128
76,152
80,160
56,108
76,124
57,92
59,104
72,120
64,100
76,108
68,72
66,132
72,104
38,76
71,124
84,104
60,108
64,96
64,80
24,44
64,132
48,72
56,76
44,72
44,72
66,132
68,104
60,96
76,144
81,116
40,56
58,116
64,104
52,100
24,28
42,84
52,76
60,88
18,36
68,100
48,72
72,84
68,96
68,124
32,64
68,96
64,128
76,76
62,104
64,112
46,92
60,112
52,104
84,164
88,160
84,100
64,88
72,124
44,88
64,104
56,104
44,84
46,92
52,72
72,124
64,96
52,104
52,104
48,96
68,108
60,128
76,152
72,120
72,140
80,136
58,116
60,72
88,184
54,72
30,60
76,92
84,140
44,76
64,120
84,168
80,144
88,76
84,92
76,176
72,136
76,128
80,116
20,44
76,136
76,172
76,148
44,68
49,44
57,84
56,76
80,124
84,100
76,128
84,116
30,60
65,108
80,176
64,136
84,108
92,164
36,80
52,80
88,152
80,120
58,112
56,96
68,136
35,48
40,48
36,72
48,120
92,184
64,144
75,136
38,76
56,52
40,80
45,72
48,88
40,52
36,44
84,152
56,112
60,80
66,132
30,60
88,136
40,36
40,36
61,116
46,92
42,84
66,132
38,68
74,140
48,60
68,100
35,32
38,48
64,88
52,80
44,84
88,156
36,64
52,80
30,60
88,136
56,104
36,60
96,164
76,120
100,180
68,64
92,116
42,48
88,144
72,152
92,140
56,104
54,108
60,120
84,104
72,132
72,112
92,148
56,112
100,192
44,64
36,44
60,132
48,92
56,104
80,148
88,148
56,108
52,100
32,60
80,140
76,92
54,108
60,84
35,36
57,100
30,60
60,108
30,60
80,136
60,108
72,136
57,104
74,140
41,68
64,112
52,92
36,84
64,92
48,88
72,144
36,52
51,64
92,156
28,52
62,92
40,56
52,96
64,128
67,132
52,56
60,96
80,108
68,112
88,136
84,128
68,80
68,120
84,152
96,192
92,168
60,96
22,44
56,112
64,124
72,156
58,108
59,108
75,132
56,108
64,136
96,168
76,156
72,144
80,156
80,136
96,172
60,108
48,44
76,116
72,116
57,108
32,64
44,48
64,104
58,116
96,184
44,40
44,60
88,140
52,88
38,72
64,108
38,56
84,168
72,116
44,72
84,156
88,156
88,156
39,48
100,176
40,80
81,144
54,116
64,128
44,84
40,96
92,188
68,104
44,88
56,120
72,120
92,176
60,120
54,108
76,128
52,112
80,152
56,100
52,108
68,92
44,80
64,124
88,124
88,116
56,112
64,128
88,160
56,84
48,88
42,84
36,76
80,184
40,68
44,52
68,116
51,96
64,144
72,124
56,112
62,124
96,152
72,100
68,144
80,156
68,144
46,88
92,186
64,100
78,160
48,64
92,160
33,60
72,116
56,80
80,156
68,120
76,156
48,60
52,68
56,120
50,100
80,136
36,68
92,136
64,76
88,184
88,144
64,112
60,84
66,132
60,60
46,92
59,68
88,180
50,100
60,88
56,48
80,156
68,100
57,96
72,96
78,156
80,100
64,104
96,164
76,136
72,124
92,152
100,176
40,56
72,96
72,120
84,164
68,140
52,96
84,96
28,20
96,184
64,100
85,162
78,152
46,116
50,89
61,97
100,184
74,150
34,74
53,77
64,102
68,91
48,105
73,149
46,103
80,169
68,172
71,151
92,176
79,153
29,95
23,51
69,127
100,192
100,180
42,91
62,117
74,135
52,83
81,191
30,70
96,182
77,154
42,78
74,139
53,134
100,175
80,136
83,167
50,122
80,121
21,52
30,73
30,57
85,144
91,140
19,57
53,78
34,82
50,96
98,161
80,142
69,119
46,77
99,192
82,174
47,81
80,151
21,40
30,83
98,146
51,120
50,94
84,166
84,150
50,80
60,118
36,33
94,192
37,56
88,155
28,48
98,170
70,140
80,172
96,176
93,179
59,109
100,148
81,159
53,102
85,145
72,139
60,82
39,84
55,96
42,75
98,187
65,157
50,95
48,63
42,96
91,171
95,161
100,196
76,120
71,133
56,106
60,147
67,158
32,95
69,155
53,98
26,61
69,114
87,145
65,139
69,109
30,110
51,95
68,111
71,141
71,154
62,174
21,72
48,87
85,139
72,154
97,184
91,182
78,142
80,141
81,175
93,182
37,68
53,163
55,105
72,144
78,179
16,47
67,121
71,161
90,147
46,77
42,98
67,123
50,102
87,181
89,157
100,167
35,77
42,97
46,85
36,94
47,68
92,181
62,75
66,116
38,32
82,141
29,82
64,126
72,143
51,102
98,165
32,58
28,50
83,166
76,167
86,196
37,34
46,80
68,118
59,147
69,156
74,138
91,168
69,96
38,63
82,129
22,69
71,135
61,156
98,173
66,132
83,173
36,51
98,167
78,152
82,158
29,59
32,55
83,171
46,106
60,129
80,127
48,103
77,161
89,161
62,67
89,164
73,131
35,100
73,132
50,65
28,75
83,167
59,111
80,150
89,133
91,175
96,182
94,178
62,117
100,182
73,112
50,71
55,144
57,114
70,134
40,113
98,190
99,194
83,168
64,89
100,169
33,87
84,174
92,176
76,154
71,123
55,125
62,99
30,43
79,165
80,157
91,169
80,148
96,183
78,115
98,170
85,148
28,43
92,163
56,100
96,200
67,154
96,158
73,155
75,152
54,105
66,138
60,123
71,121
35,84
86,143
21,52
40,27
36,72
100,184
69,114
33,72
54,107
66,127
53,89
69,162
94,168
89,190
85,151
58,72
91,171
49,107
46,98
25,44
46,76
66,117
52,90
50,98
46,112
50,68
33,35
54,138
98,159
73,131
41,97
69,191
58,153
32,54
21,48
41,60
45,74
89,162
62,113
61,128
92,185
65,114
49,91
83,155
37,69
50,84
98,173
75,135
32,90
37,85
75,125
62,106
98,195
91,182
76,152
94,176
51,115
98,179
83,157
78,129
76,154
59,96
48,72
18,47
98,180
64,165
27,111
33,59
75,122
44,97
89,168
30,62
64,152
78,158
71,168
27,88
96,186
35,80
85,178
23,59
58,102
55,106
54,93
87,162
70,123
67,149
81,146
55,81
60,134
26,28
58,80
83,161
86,149
79,165
96,181
83,123
53,67
39,88
82,149
56,100
30,70
89,158
60,157
72,125
87,126
94,177
40,75
73,144
48,102
58,101
83,163
78,173
68,118
39,50
22,51
50,104
26,43
78,141
32,70
47,104
26,63
91,160
38,43
98,170
84,138
42,78
55,65
71,125
75,151
45,90
71,116
32,85
19,46
50,95
45,68
82,162
85,177
37,55
89,151
47,90
69,136
69,113
48,119
85,157
100,168
47,95
55,100
76,154
34,58
45,77
100,176
32,63
18,50
98,183
55,169
23,90
71,117
33,71
77,165
100,188
100,191
85,154
55,106
55,106
82,166
46,108
75,159
91,174
60,135
92,148
61,104
94,171
79,135
50,93
76,153
61,101
33,71
57,98
89,161
64,103
30,65
46,65
46,77
55,99
75,158
45,68
96,196
52,68
84,112
79,163
46,131
82,127
36,33
97,192
85,142
62,157
82,150
100,184
91,192
65,136
57,151
44,81
35,53
46,106
87,155
76,107
48,57
88,186
98,191
37,62
79,161
69,136
85,168
80,158
76,152
89,180
91,142
85,151
73,141
36,88
26,52
98,167
69,118
98,182
68,141
73,104
63,141
83,154
44,84
28,85
98,171
67,128
51,92
58,114
95,180
83,142
26,49
75,124
55,79
73,141
60,168
92,200
51,115
76,165
71,111
36,59
20,59
76,123
62,112
62,119
66,138
73,138
30,30
75,142
63,153
57,128
76,125
71,121
85,179
36,71
57,111
82,127
69,129
51,87
75,130
69,135
33,35
92,160
47,101
71,123
64,129
79,157
42,74
78,122
61,163
94,169
78,136
95,171
76,127
55,99
44,89
26,103
100,196
75,171
80,140
93,174
64,140
100,196
36,64
50,72
75,123
54,106
96,182
50,111
55,98
76,139
75,143
60,113
76,164
91,161
57,102
79,151
35,79
97,183
30,96
71,144
43,51
98,184
100,183
53,118
30,59
58,91
76,150
50,163
69,140
100,192
57,123
78,155
35,52
62,108
87,169
46,63
42,60
91,194
37,69
21,31
64,127
79,176
30,88
96,178
66,148
53,72
53,149
89,161
71,144
75,121
72,129
72,122
100,165
70,144
98,187
35,85
71,138
79,156
60,137
58,140
29,42
84,171
69,136
56,160
48,69
78,152
58,124
52,109
37,53
76,126
55,110
92,159
67,116
76,150
48,71
28,32
19,48
33,109
29,97
90,153
76,133
77,155
75,144
54,40
66,126
69,115
76,146
52,124
37,57
35,58
63,108
69,113
57,101
66,118
68,116
92,184
100,188
24,67
38,96
55,85
86,160
89,152
39,65
78,130
53,86
76,132
63,138
68,138
21,36
70,164
44,110
42,131
77,124
73,159
32,48
67,107
48,96
71,128
46,103
66,133
75,133
82,162
47,75
46,67
48,92
61,145
47,83
57,171
34,85
100,192
60,139
95,170
87,168
92,180
21,38
70,134
86,184
65,159
41,92
100,188
94,175
41,111
91,174
88,155
85,182
100,191
48,94
45,99
41,69
39,53
75,135
35,68
70,141
92,171
22,73
26,67
48,97
34,132
66,134
50,89
60,134
89,185
55,113
87,192
67,132
51,82
74,173
73,118
35,63
76,91
100,191
56,140
17,58
85,116
44,51
92,180
75,118
89,138
78,124
51,63
50,101
74,123
80,148
50,72
82,117
82,147
70,134
75,144
57,111
48,124
66,122
89,130
91,187
28,38
16,79
67,107
38,118
42,108
75,154
72,160
89,159
42,65
69,145
64,136
32,54
75,110
81,133
87,141
98,168
60,100
33,82
42,65
98,171
37,61
100,176
36,74
61,132
28,91
56,88
80,139
70,134
76,154
100,187
45,60
62,116

